unidades;precio;it;ct;cmg;ctme;bt
0;5;0;15;0;0;-15
1;5;5;19.75;4.75;19.75;-14.75
2;5;10;23.5;3.75;11.75;-13.5
3;5;15;26.5;3;8.83;-11.5
4;5;20;29;2.5;7.25;-9
5;5;25;31;2;6.2;-6
6;5;30;32.5;1.5;5.42;-2.5
7;5;35;33.75;1.25;4.82;1.25
8;5;40;35.25;1.5;4.41;4.75
9;5;45;37.25;2;4.14;7.75
10;5;50;40;2.75;4;10
11;5;55;43.25;3.25;3.93;11.75
12;5;60;48;4.75;4;12
13;5;65;54.5;6.5;4.19;10.5
14;5;70;64;9.5;4.57;6
15;5;75;77.5;13.5;5.17;-2.5
16;5;80;96;18.5;6;-16
